	6 
	15 
	11 
	10 
	10 
	20 
	19 
	27 
	62 
	51 
	34 
	13 
	53 
	32 
	199 
	284 
	18 
	29 
	9 
	15 
	169 
	340 
	364 
	210 
	174 
	150 
	180 
	130 
	116 
	95 
	67 
	51 
	35 
	62 
	85 
	80 
	48 
	75 
	54 
	38 
	59 
	111 
	68 
	58 
	60 
	59 
	83 
	49 
	60 
	73 
	83 
	60 
	55 
	79 
	35 
	98 
	66 
	35 
	39 
	49 
	63 
	44 
	103 
	299 
	297 
	300 
	239 
	324 
	289 
	211 
	158 
	75 
	115 
	78 
	41 
	27 
	87 
	70 
	80 
	83 
	112 
	37 
	51 
	79 
	82 
	86 
	64 
	63 
	40 
	27 
	169 
	114 
	126 
	143 
	91 
	165 
	52 
	91 
	169 
	79 
	115 
	108 
	46 
	43 
	89 
	97 
	75 
	81 
	89 
	49 
	43 
	72 
	87 
	57 
	87 
	92 
	39 
	29 
	78 
	87 
	56 
	76 
	73 
	40 
	39 
	116 
	136 
	76 
	65 
	70 
	29 
	21 
	104 
	70 
	76 
	62 
	69 
	35 
	42 
	74 
	69 
	78 
	82 
	118 
	24 
	29 
	53 
	101 
	108 
	70 
	59 
	30 
	37 
	85 
	77 
	108 
	52 
	83 
	45 
	45 
	92 
	98 
	93 
	105 
	108 
	111 
	72 
	91 
	89 
	108 
	117 
	103 
	30 
	51 
	140 
	105 
	105 
	75 
	133 
	86 
	90 
	121 
	109 
	108 
	89 
	125 
	88 
	71 
	244 
	232 
	191 
	145 
	138 
	64 
	76 
	182 
	181 
	172 
	186 
	139 
	58 
	51 
	170 
	172 
	223 
	170 
	173 
	69 
	55 
	142 
	112 
	228 
	161 
	155 
	67 
	83 
	116 
	150 
	119 
	158 
	148 
	35 
	47 
	134 
	199 
	114 
	140 
	131 
	51 
	57 
	175 
	137 
	123 
	159 
	94 
	50 
	48 
	143 
	145 
	117 
	108 
	96 
	62 
	69 
	115 
	128 
	106 
	127 
	105 
	52 
	63 
	124 
	180 
	159 
	155 
	149 
	45 
	56 
	197 
	167 
	130 
	151 
	132 
	46 
	71 
	136 
	143 
	133 
	141 
	231 
	164 
	141 
	205 
	173 
	215 
	212 
	166 
	107 
	103 
	140 
	194 
	184 
	177 
	188 
	68 
	84 
	176 
	194 
	166 
	228 
	169 
	116 
	110 
	181 
	225 
	207 
	426 
	286 
	101 
	230 
	340 
	263 
	468 
	487 
	232 
	112 
	171 
	309 
	233 
	315 
	223 
	179 
	113 
	116 
	210 
	238 
	289 
	211 
	175 
	112 
	148 
	210 
	275 
	277 
	255 
	321 
	205 
	173 
	373 
	344 
	307 
	292 
	282 
	171 
	165 
	315 
	360 
	336 
	292 
	285 
	138 
	160 
	355 
	404 
	372 
	359 
	330 
	249 
	327 
	317 
	328 
	224 
	202 
	164 
	77 
	87 
	214 
	105 
	78 
	79 
	129 
	84 
	81 
	112 
	129 
	70 
	181 
	174 
	152 
	118 
	200 
	348 
	286 
	289 
	196 
	108 
	109 
	219 
	310 
	229 
	276 
	299 
	134 
	110 
	245 
	279 
	247 
	309 
	280 
	167 
	123 
	347 
	348 
	322 
	383 
	285 
	124 
	121 
	286 
	300 
	277 
	291 
	209 
	160 
	145 
	268 
	310 
	325 
	304 
	270 
	114 
	146 
	289 
	269 
	292 
	292 
	310 
	169 
	148 
	291 
	355 
	406 
	449 
	270 
	134 
	130 
	294 
	379 
	340 
	459 
	297 
	162 
	155 
	349 
	330 
	328 
	362 
	254 
	154 
	165 
	300 
	349 
	392 
	791 
	310 
	169 
	173 
	358 
	401 
	331 
	335 
	334 
	182 
	214 
	348 
	360 
	376 
	319 
	348 
	139 
	191 
	521 
	976 
	911 
	825 
	802 
	597 
	663 
	941 
	1012 
	910 
	864 
	819 
	675 
	802 
	702 
	787 
	557 
	561 
	476 
	265 
	308 
	496 
	525 
	537 
	439 
	458 
	251 
	198 
	440 
	653 
	662 
	708 
	547 
	368 
	320 
	649 
	714 
	621 
	693 
	613 
	391 
	706 
	602 
	591 
	548 
	841 
	422 
	222 
	261 
	428 
	505 
	489 
	529 
	861 
	616 
	609 
	963 
	1146 
	1294 
	1279 
	1241 
	1150 
	1240 
	1505 
	1554 
	1590 
	1399 
	1399 
	1124 
	1210 
	1267 
	1333 
	1396 
	1387 
	1455 
	925 
	346 
	741 
	577 
	518 
	583 
	452 
	204 
	228 
	622 
	469 
	505 
	446 
	628 
	224 
	215 
	603 
	769 
	743 
	672 
	769 
	447 
	448 
	710 
	729 
	778 
	744 
	708 
	451 
	596 
	782 
	639 
	728 
	695 
	560 
	321 
	348 
	544 
	599 
	596 
	612 
	566 
	288 
	221 
	727 
	825 
	765 
	736 
	753 
	419 
	473 
	872 
	808 
	730 
	714 
	655 
	462 
	538 
	606 
	565 
	621 
	598 
	536 
	303 
	312 
	534 
	526 
	447 
	492 
	441 
	206 
	186 
	440 
	712 
	719 
	626 
	717 
	399 
	471 
	614 
	753 
	757 
	802 
	873 
	541 
	638 
	903 
	860 
	785 
	724 
	601 
	342 
	295 
	104 
	98 
	1015 
	1081 
	975 
	441 
	449 
	936 
	830 
	897 
	863 
	795 
	439 
	464 
	938 
	1225 
	1298 
	1426 
	1094 
	618 
	603 
	1088 
	1223 
	1161 
	1095 
	1021 
	572 
	762 
	1108 
	1155 
	932 
	903 
	881 
	516 
	544 
	975 
	941 
	964 
	906 
	668 
	405 
	441 
	1142 
	1281 
	1190 
	1324 
	1008 
	565 
	576 
	1260 
	1192 
	1191 
	1119 
	989 
	680 
	782 
	1286 
	1043 
	1129 
	707 
	898 
	514 
	522 
	913 
	994 
	915 
	662 
	590 
	446 
	482 
	1032 
	1154 
	1391 
	1105 
	945 
	678 
	658 
	1122 
	1142 
	1118 
	1209 
	1026 
	756 
	913 
	1019 
	978 
	911 
	885 
	867 
	444 
	682 
	734 
	625 
	441 
	377 
	411 
	301 
	318 
	517 
	668 
	472 
